v1 <- c(1,2,3,4)
v2 <- c(5,6,7,8)

v1 + v2

