pattern <- c(1:20, 19:1)
pattern