a <- c(10,20,30,40)
b <- c(2,4,5,10)

a / b

